[41675.671546] [Project1] 10106 1587912919.324046247 1587912920.023811253
[41677.058768] [Project1] 10107 1587912920.731468089 1587912921.411032925
[41678.444898] [Project1] 10109 1587912922.096802124 1587912922.797162450
[41679.876398] [Project1] 10110 1587912923.521226138 1587912924.228662754
[41681.274859] [Project1] 10111 1587912924.904284169 1587912925.627123072
[41682.691477] [Project1] 10112 1587912926.318876179 1587912927.043740932
[41684.105858] [Project1] 10113 1587912927.757522002 1587912928.458122211
[41685.630777] [Project1] 10114 1587912929.242942006 1587912929.983041279
[41687.092656] [Project1] 10115 1587912930.696584023 1587912931.444920507
[41688.624021] [Project1] 10116 1587912932.180106127 1587912932.976285493
